.Random.seed <-
c(403L, 488L, 1654635173L, 1973883996L, 219558962L, -1329802451L, 
-1711175193L, 1295832334L, 1598122728L, -524000021L, 342801801L, 
1174740248L, 561872966L, -500012895L, -291164365L, 986701474L, 
1490308500L, -133491689L, -1784171507L, -1887411932L, -1723626230L, 
1977478261L, 803915727L, 1186072790L, -2045704064L, 118544067L, 
1886142561L, -1320447792L, -140998098L, 321108953L, -915913749L, 
1217536602L, 1336767516L, 1279406367L, -1113357963L, 1539768332L, 
-816977438L, -32353603L, 894414135L, 439415262L, 1132533528L, 
1811332731L, -1562686439L, 1209293992L, 1648236118L, 2120430289L, 
-126713213L, 2063882514L, -1695425372L, -1581192089L, -1503173187L, 
1333843764L, -653458278L, -57922843L, 1618474111L, 1389678086L, 
975796624L, -124042189L, -395785263L, 1156940160L, -1538429858L, 
761744297L, -1628032421L, 834782826L, -1914123508L, -1675346609L, 
344327685L, 950463676L, 2147462546L, 922601101L, -466076473L, 
-1435903570L, -1840872440L, 1872082955L, -272470807L, -1897215048L, 
-927943578L, 100914433L, 1328231315L, -1623288766L, -889271308L, 
-574929417L, -200590867L, 507992708L, 1436761258L, 2054392341L, 
-1025730897L, 32560310L, -1239612704L, 1709104675L, -57564863L, 
-1155490768L, -123509170L, -817212743L, -1344059701L, -405545094L, 
1844291196L, 1791648447L, -1900625003L, 1082680236L, 927910274L, 
-1278767267L, -1748016553L, 2021632318L, -650712712L, -1407851941L, 
1876960697L, 453163016L, 1929448118L, -182189583L, 1097480227L, 
1569085554L, -1679988028L, -1628783481L, -680718243L, 1750267476L, 
-1096747910L, 1881128901L, 1068450079L, 213528742L, 907579952L, 
1594067155L, 2004600561L, -643750368L, 1991192766L, 542954697L, 
1123950203L, -386167734L, 28816556L, 1376662447L, -225495195L, 
-271299300L, 1400386930L, 798785005L, -1127280089L, -707173810L, 
902080168L, -1188979541L, 1981799881L, 155832792L, 198404230L, 
-1052748447L, 393046259L, -1911687326L, -2062573100L, 1605330135L, 
374974157L, -389362076L, 1207995466L, -1536087627L, 367244559L, 
1258897942L, -355033920L, -319292797L, -2135406943L, 186304656L, 
-1448320146L, -516928231L, -2044994133L, -167642214L, -1163840676L, 
-1032138145L, -1302767051L, -1673027124L, 239753506L, -1910793347L, 
-1184139145L, -1873261154L, 1970791512L, -779787845L, 129349465L, 
-2094467864L, 1475132694L, -31900015L, -130223293L, -1124954542L, 
-995663644L, -2105437401L, 286066557L, 1237363316L, 1590580314L, 
-1108128603L, 203667135L, -655209146L, -1167584304L, -1311113741L, 
232823057L, 1562699072L, 408331550L, 1230111209L, -68406501L, 
1987435818L, -242731444L, -589000177L, -1388108475L, 54142716L, 
1252621650L, -1552813363L, -637482361L, -1572172434L, -282032312L, 
-1531395253L, 1249290921L, 1883676664L, 1194290982L, 457175105L, 
-128933421L, 632343426L, 162185140L, -1683433673L, -1164800467L, 
585097028L, 584612970L, 636225237L, -408063889L, -1572212362L, 
1008065184L, 828508003L, -1227076607L, 1366726512L, 755326734L, 
536009081L, 1813712139L, -1412483526L, -1414484676L, 1249550975L, 
-657045035L, -1558247444L, -1956554430L, 1445861434L, -158340912L, 
1359407212L, 414932660L, -1768510446L, -1277185056L, 1487791052L, 
491287008L, 873965602L, -474569432L, 190075148L, 1331528252L, 
-29488910L, -1228682000L, 726701892L, 978087000L, -1593522630L, 
862884080L, -755456324L, -49978860L, 979020994L, -512173472L, 
-2063556228L, -1696953136L, 1352837154L, 134038696L, -56487540L, 
-648228420L, -1900520398L, -1564862656L, 1379324596L, -695698104L, 
-606329158L, -180202736L, -1682032404L, 519109716L, 393665298L, 
-904905312L, 1675663308L, -1869814944L, -1157321534L, -1500397016L, 
2012638636L, -1128563908L, -1539104910L, -725786832L, -1822018524L, 
893121080L, -602364198L, -1909795952L, -1459795716L, 405848468L, 
1303655234L, -1778525696L, 16839740L, 733469264L, -1937918814L, 
-1579165880L, -1208639988L, -707408164L, -227078062L, -52248448L, 
-1734349996L, 407753704L, 1136345850L, -1673629872L, 767143980L, 
-1600978572L, -1535581550L, 1861235296L, -1202596724L, -2099567264L, 
-1241831198L, 2075750568L, -1193162036L, -867142148L, 1623924658L, 
584329200L, -1939339836L, 970488152L, -2051369606L, -85051984L, 
1732901308L, -1804809644L, -992039486L, -255624416L, -517649476L, 
-1040317360L, -840626206L, 1473852264L, -1466644660L, 653912828L, 
-1573684494L, 1641246976L, 207213684L, -359437816L, -1417627206L, 
-763106864L, 24972268L, 537884564L, -260686638L, -1229625248L, 
-1899032244L, 703018784L, 1051794050L, -1081431576L, 1517409260L, 
804073020L, 2002315890L, -1992331408L, -1724849884L, 869363256L, 
-1662501478L, -605714992L, -2055839300L, -819858796L, 1574471298L, 
-1558687296L, 1932611388L, -641685872L, 1556329250L, 372016648L, 
1842190092L, -513656932L, 1001877522L, 2032305024L, 872951572L, 
-1441363672L, -432508870L, 438175696L, 730892908L, -710452172L, 
-480123758L, 1954966880L, 657576268L, 2107816416L, 585895842L, 
-1424453720L, 1291969676L, 730350524L, 1222178930L, 976815088L, 
-2012774332L, -60758952L, 1226825786L, 1377443952L, 132067900L, 
1815354132L, 416538306L, -1559408928L, -1036200836L, 1207337168L, 
-619408478L, -1758936536L, -867539700L, 1976626108L, -2073860814L, 
2074991808L, -1046106572L, 1198143176L, -1571621190L, 417620112L, 
651905772L, 2062514772L, -1941512558L, 1153284896L, 209857484L, 
2088266976L, 660163266L, 1046655016L, 869149612L, 1862642364L, 
-1698130446L, 1751385648L, -302649436L, 204199352L, 2068709210L, 
-1978685296L, 385641340L, 946635540L, 1511756098L, 218505984L, 
-1509056580L, 420455248L, 2113754402L, -1824371128L, 775624716L, 
-1244209060L, -117036590L, -52311552L, -1587068588L, 1779086568L, 
-1975743238L, -1666566448L, 603045164L, 1680853236L, -515791470L, 
240990560L, -824805364L, 495234784L, 494824034L, -841376088L, 
1948489292L, -2125505668L, -1003752142L, -95740304L, 1536322372L, 
232969176L, -179056774L, -1799433680L, 824339388L, -1229700524L, 
-1271428030L, 894859424L, 328364732L, -1288847920L, -1962207390L, 
-1744497944L, 77632716L, -1775931908L, 1983027698L, 1444050560L, 
-413366796L, -326843768L, -1987479750L, 1148272464L, -1106600852L, 
-900164813L, -59136107L, -796482574L, 219043904L, 366668201L, 
-1932744677L, -1760463380L, 1718994426L, -1414032849L, -1923023303L, 
-1391777714L, 2004578460L, 51696141L, -1345261961L, -1648187776L, 
36644062L, 1119459243L, 302676141L, 1309138202L, -1791362600L, 
-882113983L, -555919117L, 2109085460L, -1461666142L, -701089865L, 
1782473601L, 1355207046L, -482712636L, 980807413L, -1957921953L, 
-1026603592L, -897688426L, 276558499L, -166063003L, 1920049538L, 
146479856L, -765694311L, -1933036917L, -132353156L, -1964235350L, 
846032351L, -469714071L, -2078688386L, -1120693396L, 737523645L, 
-515914617L, 1566275696L, 1705124622L, 1762807867L, -276087011L, 
1708092874L, 1514186472L, -998463023L, -2086036541L, -224734012L, 
862006130L, 705353287L, -2002975215L, 780208022L, -1893803276L, 
1941081221L, -1888226865L, 495133896L, 1584268646L, -1986660461L, 
-716359435L, -1329295150L, -100360416L, 1639472905L, 752068667L, 
1055743372L, -2030496742L, 1370310799L, 1031921625L, 710361198L, 
-962935812L, -1672343187L, 1485802263L, 1165531872L, 1947322558L, 
650118795L, -2035270387L, -1740975814L, -463224456L, 387920673L, 
-127081517L, 1081682676L, -1110047870L, 682119703L, 703439073L, 
2126343718L, 1132242724L, 632326101L, 2007564159L, -1057101288L, 
-944535242L, 9836483L, -623864315L, -263875166L, 797661584L, 
944603449L, -1670064661L, 1183348444L, 734708490L, -270201345L, 
-237153207L, -1300159010L, 162887052L, -1555496611L, -338347673L, 
1915046544L, 1154450606L, 1705112923L, -2076133059L, 1680343978L, 
-702188472L, -1903879055L, -1600398877L, -1403439900L, -1994797038L, 
-94272537L, 1913187249L, -1934465546L, -1453103084L, -121329883L, 
1478688815L, -392836632L, -837824826L, 1206087539L, 1796917205L, 
-1945419854L, -1034237568L, 1446400361L, 1425544667L, -736473812L, 
1234351930L, -1309521425L, -563876743L, -1346838770L, 924162780L, 
-1778337459L, 709072055L, 1378848320L, -1784307938L, -440723989L, 
